W1_3[0] = [-0.675635383613515];
W1_3[1] = [0.378429006280016];
W1_3[2] = [0.0766848705201142];
W1_3[3] = [0.634606441306866];
W1_3[4] = [-0.636305943394295];
W1_3[5] = [0.706062235443787];
W1_3[6] = [-0.632184423435167];
W1_3[7] = [-0.324561180357246];
W1_3[8] = [-0.807090949663223];
W1_3[9] = [0.642388080395918];
W1_3[10] = [0.0940177845726899];
