W1_5[0] = [-0.377569915910390];
W1_5[1] = [-0.0989168029950045];
W1_5[2] = [-0.843648942493633];
W1_5[3] = [-0.831128308978179];
W1_5[4] = [-0.708922039230566];
W1_5[5] = [-0.298095238215458];
W1_5[6] = [-0.165465861831261];
W1_5[7] = [-0.261506437759570];
W1_5[8] = [0.884101181550970];
W1_5[9] = [-0.913952396684384];
W1_5[10] = [0.489385614148312];
