W1_6[0] = [0.0570662710124255];
W1_6[1] = [-0.832357244006135];
W1_6[2] = [-0.114643460449107];
W1_6[3] = [-0.200434701802207];
W1_6[4] = [-0.727862882582673];
W1_6[5] = [0.0264990797341067];
W1_6[6] = [-0.900691139348516];
W1_6[7] = [-0.777594489412425];
W1_6[8] = [0.912269080459605];
W1_6[9] = [-0.662019941074591];
W1_6[10] = [-0.622089969934911];
