W1_7[0] = [-0.668702541000438];
W1_7[1] = [-0.542046062566362];
W1_7[2] = [-0.786694459638831];
W1_7[3] = [-0.480259194298692];
W1_7[4] = [0.738584415280179];
W1_7[5] = [-0.196383932496117];
W1_7[6] = [0.805432219830562];
W1_7[7] = [0.560504136642276];
W1_7[8] = [0.150417190156931];
W1_7[9] = [0.298230949912904];
W1_7[10] = [0.373550866730630];
